Itemset of element 1 with over 20 support are : 
1,2,3,4,5,6,7,8,9,10,11,12,13,14,15,16,17,18,19,20,21,22,23,24,25,26,27,28,29,30,31,32,33,34,35,36,37,38,39,40,41,42,43,44,45,46,47,48,49,50,
Total number of individual item with over 20 support is 50
The following are the frequent pairs of over 20 supports!
(1,2)(1,3)(1,4)(1,5)(1,6)(1,7)(1,8)(1,9)(1,10)(1,11)(1,12)(1,13)(1,14)(1,15)(1,16)(1,17)(1,18)(1,19)(1,20)(1,21)(1,22)(1,23)(1,24)(1,25)(1,26)(1,27)(1,28)(1,29)(1,30)(1,31)(1,32)(1,33)(1,34)(1,35)(1,36)(1,37)(1,38)(1,39)(1,40)(1,41)(1,42)(1,43)(1,44)(1,45)(1,46)(1,47)(1,48)(1,49)(1,50)(2,3)(2,4)(2,5)(2,6)(2,7)(2,8)(2,9)(2,10)(2,11)(2,12)(2,13)(2,14)(2,15)(2,16)(2,17)(2,18)(2,19)(2,20)(2,21)(2,22)(2,23)(2,24)(2,25)(2,26)(2,28)(2,30)(2,32)(2,34)(2,36)(2,38)(2,40)(2,42)(2,44)(2,46)(2,48)(2,50)(3,4)(3,5)(3,6)(3,7)(3,8)(3,9)(3,10)(3,11)(3,12)(3,13)(3,14)(3,15)(3,16)(3,18)(3,21)(3,24)(3,27)(3,30)(3,33)(3,36)(3,39)(3,42)(3,45)(3,48)(4,5)(4,6)(4,7)(4,8)(4,9)(4,10)(4,11)(4,12)(4,14)(4,16)(4,18)(4,20)(4,22)(4,24)(4,28)(4,32)(4,36)(4,40)(4,44)(4,48)(5,6)(5,7)(5,8)(5,9)(5,10)(5,15)(5,20)(5,25)(5,30)(5,35)(5,40)(5,45)(5,50)(6,7)(6,8)(6,9)(6,10)(6,12)(6,14)(6,15)(6,16)(6,18)(6,21)(6,24)(6,30)(6,36)(6,42)(6,48)(7,14)(7,21)(7,28)(7,35)(7,42)(7,49)(8,10)(8,12)(8,16)(8,20)(8,24)(8,32)(8,40)(8,48)(9,12)(9,15)(9,18)(9,27)(9,36)(9,45)(10,15)(10,20)(10,25)(10,30)(10,40)(10,50)(11,22)(11,33)(11,44)(12,16)(12,18)(12,24)(12,36)(12,48)(13,26)(13,39)(14,21)(14,28)(14,42)(15,30)(15,45)(16,24)(16,32)(16,48)(17,34)(18,36)(19,38)(20,40)(21,42)(22,44)(23,46)(24,48)(25,50)
Itemset of 2 elements with over 20 support are : 
1,2,3,4,5,6,7,8,9,10,11,12,13,14,15,16,17,18,19,20,21,22,23,24,25,26,27,28,29,30,31,32,33,34,35,36,37,38,39,40,41,42,43,44,45,46,47,48,49,50,
Total number of unique items that in pair with over 20 support is 50
[[1, 2], [1, 3], [1, 4], [1, 5], [1, 6], [1, 7], [1, 8], [1, 9], [1, 10], [1, 11], [1, 12], [1, 13], [1, 14], [1, 15], [1, 16], [1, 17], [1, 18], [1, 19], [1, 20], [1, 21], [1, 22], [1, 23], [1, 24], [1, 25], [1, 26], [1, 27], [1, 28], [1, 29], [1, 30], [1, 31], [1, 32], [1, 33], [1, 34], [1, 35], [1, 36], [1, 37], [1, 38], [1, 39], [1, 40], [1, 41], [1, 42], [1, 43], [1, 44], [1, 45], [1, 46], [1, 47], [1, 48], [1, 49], [1, 50], [2, 3], [2, 4], [2, 5], [2, 6], [2, 7], [2, 8], [2, 9], [2, 10], [2, 11], [2, 12], [2, 13], [2, 14], [2, 15], [2, 16], [2, 17], [2, 18], [2, 19], [2, 20], [2, 21], [2, 22], [2, 23], [2, 24], [2, 25], [2, 26], [2, 28], [2, 30], [2, 32], [2, 34], [2, 36], [2, 38], [2, 40], [2, 42], [2, 44], [2, 46], [2, 48], [2, 50], [3, 4], [3, 5], [3, 6], [3, 7], [3, 8], [3, 9], [3, 10], [3, 11], [3, 12], [3, 13], [3, 14], [3, 15], [3, 16], [3, 18], [3, 21], [3, 24], [3, 27], [3, 30], [3, 33], [3, 36], [3, 39], [3, 42], [3, 45], [3, 48], [4, 5], [4, 6], [4, 7], [4, 8], [4, 9], [4, 10], [4, 11], [4, 12], [4, 14], [4, 16], [4, 18], [4, 20], [4, 22], [4, 24], [4, 28], [4, 32], [4, 36], [4, 40], [4, 44], [4, 48], [5, 6], [5, 7], [5, 8], [5, 9], [5, 10], [5, 15], [5, 20], [5, 25], [5, 30], [5, 35], [5, 40], [5, 45], [5, 50], [6, 7], [6, 8], [6, 9], [6, 10], [6, 12], [6, 14], [6, 15], [6, 16], [6, 18], [6, 21], [6, 24], [6, 30], [6, 36], [6, 42], [6, 48], [7, 14], [7, 21], [7, 28], [7, 35], [7, 42], [7, 49], [8, 10], [8, 12], [8, 16], [8, 20], [8, 24], [8, 32], [8, 40], [8, 48], [9, 12], [9, 15], [9, 18], [9, 27], [9, 36], [9, 45], [10, 15], [10, 20], [10, 25], [10, 30], [10, 40], [10, 50], [11, 22], [11, 33], [11, 44], [12, 16], [12, 18], [12, 24], [12, 36], [12, 48], [13, 26], [13, 39], [14, 21], [14, 28], [14, 42], [15, 30], [15, 45], [16, 24], [16, 32], [16, 48], [17, 34], [18, 36], [19, 38], [20, 40], [21, 42], [22, 44], [23, 46], [24, 48], [25, 50]]
210
1
2
3
4
5
6
7
8
9
10
11
12
13
14
15
16
17
18
19
20
21
22
23
24
25
26
27
28
29
30
31
32
33
34
35
36
37
38
39
40
41
42
43
44
45
46
47
48
49
2
3
4
5
6
7
8
9
10
11
12
13
14
15
16
17
18
19
20
21
22
23
24
25
26
27
28
29
30
31
32
33
34
35
36
37
38
39
40
41
42
43
44
45
46
47
48
49
3
4
5
6
7
8
9
10
11
12
13
14
15
16
17
18
19
20
21
22
23
24
25
26
27
28
29
30
31
32
33
34
35
36
37
38
39
40
41
42
43
44
45
46
47
48
49
4
5
6
7
8
9
10
11
12
13
14
15
16
17
18
19
20
21
22
23
24
25
26
27
28
29
30
31
32
33
34
35
36
37
38
39
40
41
42
43
44
45
46
47
48
49
5
6
7
8
9
10
11
12
13
14
15
16
17
18
19
20
21
22
23
24
25
26
27
28
29
30
31
32
33
34
35
36
37
38
39
40
41
42
43
44
45
46
47
48
49
6
7
8
9
10
11
12
13
14
15
16
17
18
19
20
21
22
23
24
25
26
27
28
29
30
31
32
33
34
35
36
37
38
39
40
41
42
43
44
45
46
47
48
49
7
8
9
10
11
12
13
14
15
16
17
18
19
20
21
22
23
24
25
26
27
28
29
30
31
32
33
34
35
36
37
38
39
40
41
42
43
44
45
46
47
48
49
8
9
10
11
12
13
14
15
16
17
18
19
20
21
22
23
24
25
26
27
28
29
30
31
32
33
34
35
36
37
38
39
40
41
42
43
44
45
46
47
48
49
9
10
11
12
13
14
15
16
17
18
19
20
21
22
23
24
25
26
27
28
29
30
31
32
33
34
35
36
37
38
39
40
41
42
43
44
45
46
47
48
49
10
11
12
13
14
15
16
17
18
19
20
21
22
23
24
25
26
27
28
29
30
31
32
33
34
35
36
37
38
39
40
41
42
43
44
45
46
47
48
49
11
12
13
14
15
16
17
18
19
20
21
22
23
24
25
26
27
28
29
30
31
32
33
34
35
36
37
38
39
40
41
42
43
44
45
46
47
48
49
12
13
14
15
16
17
18
19
20
21
22
23
24
25
26
27
28
29
30
31
32
33
34
35
36
37
38
39
40
41
42
43
44
45
46
47
48
49
13
14
15
16
17
18
19
20
21
22
23
24
25
26
27
28
29
30
31
32
33
34
35
36
37
38
39
40
41
42
43
44
45
46
47
48
49
14
15
16
17
18
19
20
21
22
23
24
25
26
27
28
29
30
31
32
33
34
35
36
37
38
39
40
41
42
43
44
45
46
47
48
49
15
16
17
18
19
20
21
22
23
24
25
26
27
28
29
30
31
32
33
34
35
36
37
38
39
40
41
42
43
44
45
46
47
48
49
16
17
18
19
20
21
22
23
24
25
26
27
28
29
30
31
32
33
34
35
36
37
38
39
40
41
42
43
44
45
46
47
48
49
17
18
19
20
21
22
23
24
25
26
27
28
29
30
31
32
33
34
35
36
37
38
39
40
41
42
43
44
45
46
47
48
49
18
19
20
21
22
23
24
25
26
27
28
29
30
31
32
33
34
35
36
37
38
39
40
41
42
43
44
45
46
47
48
49
19
20
21
22
23
24
25
26
27
28
29
30
31
32
33
34
35
36
37
38
39
40
41
42
43
44
45
46
47
48
49
20
21
22
23
24
25
26
27
28
29
30
31
32
33
34
35
36
37
38
39
40
41
42
43
44
45
46
47
48
49
21
22
23
24
25
26
27
28
29
30
31
32
33
34
35
36
37
38
39
40
41
42
43
44
45
46
47
48
49
22
23
24
25
26
27
28
29
30
31
32
33
34
35
36
37
38
39
40
41
42
43
44
45
46
47
48
49
23
24
25
26
27
28
29
30
31
32
33
34
35
36
37
38
39
40
41
42
43
44
45
46
47
48
49
24
25
26
27
28
29
30
31
32
33
34
35
36
37
38
39
40
41
42
43
44
45
46
47
48
49
25
26
27
28
29
30
31
32
33
34
35
36
37
38
39
40
41
42
43
44
45
46
47
48
49
26
27
28
29
30
31
32
33
34
35
36
37
38
39
40
41
42
43
44
45
46
47
48
49
27
28
29
30
31
32
33
34
35
36
37
38
39
40
41
42
43
44
45
46
47
48
49
28
29
30
31
32
33
34
35
36
37
38
39
40
41
42
43
44
45
46
47
48
49
29
30
31
32
33
34
35
36
37
38
39
40
41
42
43
44
45
46
47
48
49
30
31
32
33
34
35
36
37
38
39
40
41
42
43
44
45
46
47
48
49
31
32
33
34
35
36
37
38
39
40
41
42
43
44
45
46
47
48
49
32
33
34
35
36
37
38
39
40
41
42
43
44
45
46
47
48
49
33
34
35
36
37
38
39
40
41
42
43
44
45
46
47
48
49
34
35
36
37
38
39
40
41
42
43
44
45
46
47
48
49
35
36
37
38
39
40
41
42
43
44
45
46
47
48
49
36
37
38
39
40
41
42
43
44
45
46
47
48
49
37
38
39
40
41
42
43
44
45
46
47
48
49
38
39
40
41
42
43
44
45
46
47
48
49
39
40
41
42
43
44
45
46
47
48
49
40
41
42
43
44
45
46
47
48
49
41
42
43
44
45
46
47
48
49
42
43
44
45
46
47
48
49
43
44
45
46
47
48
49
44
45
46
47
48
49
45
46
47
48
49
46
47
48
49
47
48
49
48
49
49
50
51
52
53
54
55
56
57
58
59
60
61
62
63
64
65
66
67
68
69
70
71
72
73
74
75
76
77
78
79
80
81
82
83
84
85
51
52
53
54
55
56
57
58
59
60
61
62
63
64
65
66
67
68
69
70
71
72
73
74
75
76
77
78
79
80
81
82
83
84
85
52
53
54
55
56
57
58
59
60
61
62
63
64
65
66
67
68
69
70
71
72
73
74
75
76
77
78
79
80
81
82
83
84
85
53
54
55
56
57
58
59
60
61
62
63
64
65
66
67
68
69
70
71
72
73
74
75
76
77
78
79
80
81
82
83
84
85
54
55
56
57
58
59
60
61
62
63
64
65
66
67
68
69
70
71
72
73
74
75
76
77
78
79
80
81
82
83
84
85
55
56
57
58
59
60
61
62
63
64
65
66
67
68
69
70
71
72
73
74
75
76
77
78
79
80
81
82
83
84
85
56
57
58
59
60
61
62
63
64
65
66
67
68
69
70
71
72
73
74
75
76
77
78
79
80
81
82
83
84
85
57
58
59
60
61
62
63
64
65
66
67
68
69
70
71
72
73
74
75
76
77
78
79
80
81
82
83
84
85
58
59
60
61
62
63
64
65
66
67
68
69
70
71
72
73
74
75
76
77
78
79
80
81
82
83
84
85
59
60
61
62
63
64
65
66
67
68
69
70
71
72
73
74
75
76
77
78
79
80
81
82
83
84
85
60
61
62
63
64
65
66
67
68
69
70
71
72
73
74
75
76
77
78
79
80
81
82
83
84
85
61
62
63
64
65
66
67
68
69
70
71
72
73
74
75
76
77
78
79
80
81
82
83
84
85
62
63
64
65
66
67
68
69
70
71
72
73
74
75
76
77
78
79
80
81
82
83
84
85
63
64
65
66
67
68
69
70
71
72
73
74
75
76
77
78
79
80
81
82
83
84
85
64
65
66
67
68
69
70
71
72
73
74
75
76
77
78
79
80
81
82
83
84
85
65
66
67
68
69
70
71
72
73
74
75
76
77
78
79
80
81
82
83
84
85
66
67
68
69
70
71
72
73
74
75
76
77
78
79
80
81
82
83
84
85
67
68
69
70
71
72
73
74
75
76
77
78
79
80
81
82
83
84
85
68
69
70
71
72
73
74
75
76
77
78
79
80
81
82
83
84
85
69
70
71
72
73
74
75
76
77
78
79
80
81
82
83
84
85
70
71
72
73
74
75
76
77
78
79
80
81
82
83
84
85
71
72
73
74
75
76
77
78
79
80
81
82
83
84
85
72
73
74
75
76
77
78
79
80
81
82
83
84
85
73
74
75
76
77
78
79
80
81
82
83
84
85
74
75
76
77
78
79
80
81
82
83
84
85
75
76
77
78
79
80
81
82
83
84
85
76
77
78
79
80
81
82
83
84
85
77
78
79
80
81
82
83
84
85
78
79
80
81
82
83
84
85
79
80
81
82
83
84
85
80
81
82
83
84
85
81
82
83
84
85
82
83
84
85
83
84
85
84
85
85
86
87
88
89
90
91
92
93
94
95
96
97
98
99
100
101
102
103
104
105
106
107
108
109
87
88
89
90
91
92
93
94
95
96
97
98
99
100
101
102
103
104
105
106
107
108
109
88
89
90
91
92
93
94
95
96
97
98
99
100
101
102
103
104
105
106
107
108
109
89
90
91
92
93
94
95
96
97
98
99
100
101
102
103
104
105
106
107
108
109
90
91
92
93
94
95
96
97
98
99
100
101
102
103
104
105
106
107
108
109
91
92
93
94
95
96
97
98
99
100
101
102
103
104
105
106
107
108
109
92
93
94
95
96
97
98
99
100
101
102
103
104
105
106
107
108
109
93
94
95
96
97
98
99
100
101
102
103
104
105
106
107
108
109
94
95
96
97
98
99
100
101
102
103
104
105
106
107
108
109
95
96
97
98
99
100
101
102
103
104
105
106
107
108
109
96
97
98
99
100
101
102
103
104
105
106
107
108
109
97
98
99
100
101
102
103
104
105
106
107
108
109
98
99
100
101
102
103
104
105
106
107
108
109
99
100
101
102
103
104
105
106
107
108
109
100
101
102
103
104
105
106
107
108
109
101
102
103
104
105
106
107
108
109
102
103
104
105
106
107
108
109
103
104
105
106
107
108
109
104
105
106
107
108
109
105
106
107
108
109
106
107
108
109
107
108
109
108
109
109
110
111
112
113
114
115
116
117
118
119
120
121
122
123
124
125
126
127
128
129
111
112
113
114
115
116
117
118
119
120
121
122
123
124
125
126
127
128
129
112
113
114
115
116
117
118
119
120
121
122
123
124
125
126
127
128
129
113
114
115
116
117
118
119
120
121
122
123
124
125
126
127
128
129
114
115
116
117
118
119
120
121
122
123
124
125
126
127
128
129
115
116
117
118
119
120
121
122
123
124
125
126
127
128
129
116
117
118
119
120
121
122
123
124
125
126
127
128
129
117
118
119
120
121
122
123
124
125
126
127
128
129
118
119
120
121
122
123
124
125
126
127
128
129
119
120
121
122
123
124
125
126
127
128
129
120
121
122
123
124
125
126
127
128
129
121
122
123
124
125
126
127
128
129
122
123
124
125
126
127
128
129
123
124
125
126
127
128
129
124
125
126
127
128
129
125
126
127
128
129
126
127
128
129
127
128
129
128
129
129
130
131
132
133
134
135
136
137
138
139
140
141
142
131
132
133
134
135
136
137
138
139
140
141
142
132
133
134
135
136
137
138
139
140
141
142
133
134
135
136
137
138
139
140
141
142
134
135
136
137
138
139
140
141
142
135
136
137
138
139
140
141
142
136
137
138
139
140
141
142
137
138
139
140
141
142
138
139
140
141
142
139
140
141
142
140
141
142
141
142
142
143
144
145
146
147
148
149
150
151
152
153
154
155
156
157
144
145
146
147
148
149
150
151
152
153
154
155
156
157
145
146
147
148
149
150
151
152
153
154
155
156
157
146
147
148
149
150
151
152
153
154
155
156
157
147
148
149
150
151
152
153
154
155
156
157
148
149
150
151
152
153
154
155
156
157
149
150
151
152
153
154
155
156
157
150
151
152
153
154
155
156
157
151
152
153
154
155
156
157
152
153
154
155
156
157
153
154
155
156
157
154
155
156
157
155
156
157
156
157
157
158
159
160
161
162
163
159
160
161
162
163
160
161
162
163
161
162
163
162
163
163
164
165
166
167
168
169
170
171
165
166
167
168
169
170
171
166
167
168
169
170
171
167
168
169
170
171
168
169
170
171
169
170
171
170
171
171
172
173
174
175
176
177
173
174
175
176
177
174
175
176
177
175
176
177
176
177
177
178
179
180
181
182
183
179
180
181
182
183
180
181
182
183
181
182
183
182
183
183
184
185
186
185
186
186
187
188
189
190
191
188
189
190
191
189
190
191
190
191
191
192
193
193
194
195
196
195
196
196
197
198
198
199
200
201
200
201
201
202
203
204
205
206
207
208
209
2549
