The result is printed out in 3 lines.
First line is the bit inside our 100 bit sliding window
Second line is timestamp for that bit.
Third line is bucket index. Starting from 2 first 2 is start of bucket1 and second 2 is end of bucket1.
**In Eclipse, the result is printed out nicely....not like in txt one row become 3 rows...
************************************************************************************

Result of c0 stream:
0    0    0    1    1    0    0    0    0    1    1    0    0    0    0    0    0    1    0    0    0    1    1    0    0    0    1    1    1    0    1    1    1    0    1    0    0    0    0    1    1    1    0    0    1    0    0    0    0    1    0    1    1    1    0    0    1    0    0    0    1    1    0    0    1    1    1    1    0    1    0    1    1    1    0    1    0    0    1    0    1    1    1    0    1    0    0    1    0    1    0    1    0    0    1    1    1    0    0    0    
1915 1916 1917 1918 1919 1920 1921 1922 1923 1924 1925 1926 1927 1928 1929 1930 1931 1932 1933 1934 1935 1936 1937 1938 1939 1940 1941 1942 1943 1944 1945 1946 1947 1948 1949 1950 1951 1952 1953 1954 1955 1956 1957 1958 1959 1960 1961 1962 1963 1964 1965 1966 1967 1968 1969 1970 1971 1972 1973 1974 1975 1976 1977 1978 1979 1980 1981 1982 1983 1984 1985 1986 1987 1988 1989 1990 1991 1992 1993 1994 1995 1996 1997 1998 1999 2000 2001 2002 2003 2004 2005 2006 2007 2008 2009 2010 2011 2012 2013 2014 
0    0    0    16   16   0    0    0    0    0    0    0    0    0    0    0    0    0    0    0    0    0    0    0    0    0    0    0    0    0    0    0    0    0    0    0    0    0    0    0    0    16   0    0    8    0    0    0    0    0    0    0    0    0    0    0    0    0    0    0    0    8    0    0    8    0    0    0    0    0    0    0    0    8    0    4    0    0    0    0    0    4    4    0    0    0    0    0    0    4    0    2    0    0    2    1    1    0    0    0    
There are 44 1's in stream 0!
Current sum is 44 !

Result of c1 stream:
0    1    0    1    0    0    0    0    0    0    1    0    0    1    0    0    1    0    1    1    0    0    1    1    0    0    1    0    1    1    0    1    1    1    0    1    1    1    1    0    0    1    0    1    1    1    1    0    1    1    0    0    1    0    0    0    1    1    1    0    1    0    0    1    0    1    1    0    1    1    0    0    1    1    1    0    0    0    0    0    0    1    0    1    0    1    0    1    0    1    0    1    1    1    1    1    1    0    0    0    
1915 1916 1917 1918 1919 1920 1921 1922 1923 1924 1925 1926 1927 1928 1929 1930 1931 1932 1933 1934 1935 1936 1937 1938 1939 1940 1941 1942 1943 1944 1945 1946 1947 1948 1949 1950 1951 1952 1953 1954 1955 1956 1957 1958 1959 1960 1961 1962 1963 1964 1965 1966 1967 1968 1969 1970 1971 1972 1973 1974 1975 1976 1977 1978 1979 1980 1981 1982 1983 1984 1985 1986 1987 1988 1989 1990 1991 1992 1993 1994 1995 1996 1997 1998 1999 2000 2001 2002 2003 2004 2005 2006 2007 2008 2009 2010 2011 2012 2013 2014 
0    0    0    0    0    0    0    0    0    0    0    0    0    0    0    0    0    0    0    0    0    0    0    0    0    0    16   0    16   0    0    0    0    0    0    0    0    0    0    0    0    0    0    0    0    0    0    0    0    16   0    0    8    0    0    0    0    0    0    0    0    0    0    0    0    0    8    0    8    0    0    0    0    0    0    0    0    0    0    0    0    0    0    0    0    8    0    4    0    0    0    0    4    2    2    1    1    0    0    0    
There are 40 1's in stream 1!
Current sum is 124 !

Result of c2 stream:
0    1    0    0    0    1    0    1    1    1    0    1    1    0    0    0    0    1    0    1    1    0    0    0    0    0    1    0    0    1    0    0    1    1    0    1    1    0    0    1    1    1    1    1    0    0    0    0    1    1    0    1    1    1    1    0    0    1    1    1    0    1    0    0    1    1    0    1    0    1    1    1    0    1    0    0    0    0    1    0    0    0    0    1    1    1    0    0    1    1    0    0    1    1    1    0    0    0    0    0    
1915 1916 1917 1918 1919 1920 1921 1922 1923 1924 1925 1926 1927 1928 1929 1930 1931 1932 1933 1934 1935 1936 1937 1938 1939 1940 1941 1942 1943 1944 1945 1946 1947 1948 1949 1950 1951 1952 1953 1954 1955 1956 1957 1958 1959 1960 1961 1962 1963 1964 1965 1966 1967 1968 1969 1970 1971 1972 1973 1974 1975 1976 1977 1978 1979 1980 1981 1982 1983 1984 1985 1986 1987 1988 1989 1990 1991 1992 1993 1994 1995 1996 1997 1998 1999 2000 2001 2002 2003 2004 2005 2006 2007 2008 2009 2010 2011 2012 2013 2014 
0    0    0    0    0    0    0    0    0    0    0    0    0    0    0    0    0    0    0    0    0    0    0    0    0    0    0    0    0    0    0    0    0    0    0    0    32   0    0    16   0    0    0    0    0    0    0    0    0    0    0    0    0    0    0    0    0    0    0    0    0    0    0    0    16   8    0    0    0    0    0    0    0    0    0    0    0    0    0    0    0    0    0    8    4    0    0    0    0    4    0    0    2    2    1    0    0    0    0    0    
There are 63 1's in stream 2!
Current sum is 376 !

Result of c3 stream:
1    1    0    0    1    1    0    1    1    0    0    0    0    1    0    0    1    0    0    0    1    1    0    0    0    1    0    1    1    0    0    0    1    0    0    0    0    1    1    1    1    0    0    0    1    0    1    0    1    1    1    1    0    0    0    1    1    1    0    0    0    0    0    0    1    0    1    1    1    1    0    0    0    1    1    1    0    0    0    1    0    1    0    0    0    1    0    0    0    1    0    0    0    1    1    0    0    0    1    0    
1915 1916 1917 1918 1919 1920 1921 1922 1923 1924 1925 1926 1927 1928 1929 1930 1931 1932 1933 1934 1935 1936 1937 1938 1939 1940 1941 1942 1943 1944 1945 1946 1947 1948 1949 1950 1951 1952 1953 1954 1955 1956 1957 1958 1959 1960 1961 1962 1963 1964 1965 1966 1967 1968 1969 1970 1971 1972 1973 1974 1975 1976 1977 1978 1979 1980 1981 1982 1983 1984 1985 1986 1987 1988 1989 1990 1991 1992 1993 1994 1995 1996 1997 1998 1999 2000 2001 2002 2003 2004 2005 2006 2007 2008 2009 2010 2011 2012 2013 2014 
0    0    0    0    0    16   0    16   0    0    0    0    0    0    0    0    0    0    0    0    0    0    0    0    0    0    0    0    0    0    0    0    0    0    0    0    0    0    0    0    0    0    0    0    0    0    16   0    8    0    0    0    0    0    0    0    0    0    0    0    0    0    0    0    8    0    4    0    0    4    0    0    0    4    0    0    0    0    0    4    0    2    0    0    0    2    0    0    0    2    0    0    0    2    1    0    0    0    1    0    
There are 38 1's in stream 3!
Current sum is 680 !

Result of c4 stream:
1    0    1    0    1    0    1    0    1    0    0    0    1    1    1    1    0    1    1    1    1    0    1    1    1    0    0    0    1    0    0    0    0    0    1    0    0    0    0    1    1    1    1    0    1    0    0    1    0    1    0    0    1    0    0    1    1    0    1    0    0    1    0    1    1    0    0    0    1    1    1    0    1    1    1    1    0    0    1    0    1    0    1    1    1    1    1    1    0    0    0    0    1    1    0    0    0    0    1    0    
1915 1916 1917 1918 1919 1920 1921 1922 1923 1924 1925 1926 1927 1928 1929 1930 1931 1932 1933 1934 1935 1936 1937 1938 1939 1940 1941 1942 1943 1944 1945 1946 1947 1948 1949 1950 1951 1952 1953 1954 1955 1956 1957 1958 1959 1960 1961 1962 1963 1964 1965 1966 1967 1968 1969 1970 1971 1972 1973 1974 1975 1976 1977 1978 1979 1980 1981 1982 1983 1984 1985 1986 1987 1988 1989 1990 1991 1992 1993 1994 1995 1996 1997 1998 1999 2000 2001 2002 2003 2004 2005 2006 2007 2008 2009 2010 2011 2012 2013 2014 
0    0    0    0    0    0    32   0    16   0    0    0    0    0    0    0    0    0    0    0    0    0    0    0    0    0    0    0    0    0    0    0    0    0    0    0    0    0    0    0    16   8    0    0    0    0    0    0    0    0    0    0    0    0    0    0    8    0    8    0    0    0    0    0    0    0    0    0    0    0    0    0    8    4    0    0    0    0    4    0    4    0    0    0    4    2    2    2    0    0    0    0    2    1    0    0    0    0    1    0    
There are 78 1's in stream 4!
Current sum is 1928 !

Result of c5 stream:
0    1    1    0    0    1    1    1    1    0    1    0    1    0    0    0    0    0    0    0    0    1    1    0    1    1    0    1    1    1    0    1    1    1    1    0    0    0    0    0    1    1    1    0    1    0    0    1    1    0    0    1    0    0    1    1    1    0    1    1    1    1    1    1    0    1    0    0    1    0    0    0    0    0    0    1    0    1    0    0    0    0    0    1    1    1    1    0    0    0    1    1    1    0    0    1    1    0    0    1    
1915 1916 1917 1918 1919 1920 1921 1922 1923 1924 1925 1926 1927 1928 1929 1930 1931 1932 1933 1934 1935 1936 1937 1938 1939 1940 1941 1942 1943 1944 1945 1946 1947 1948 1949 1950 1951 1952 1953 1954 1955 1956 1957 1958 1959 1960 1961 1962 1963 1964 1965 1966 1967 1968 1969 1970 1971 1972 1973 1974 1975 1976 1977 1978 1979 1980 1981 1982 1983 1984 1985 1986 1987 1988 1989 1990 1991 1992 1993 1994 1995 1996 1997 1998 1999 2000 2001 2002 2003 2004 2005 2006 2007 2008 2009 2010 2011 2012 2013 2014 
0    0    0    0    0    0    0    0    0    0    0    0    0    0    0    0    0    0    0    0    0    0    0    0    32   16   0    0    0    0    0    0    0    0    0    0    0    0    0    0    0    0    0    0    0    0    0    0    0    0    0    0    0    0    16   8    0    0    0    0    0    0    0    8    0    4    0    0    0    0    0    0    0    0    0    0    0    4    0    0    0    0    0    4    0    0    4    0    0    0    2    2    2    0    0    2    1    0    0    1    
There are 70 1's in stream 5!
Current sum is 4168 !

Result of c6 stream:
0    0    0    0    1    0    0    0    0    1    1    1    0    1    0    0    0    0    0    1    0    0    1    0    0    1    1    1    0    0    0    1    0    1    1    0    1    0    1    0    0    1    1    0    1    1    1    1    0    0    1    1    1    0    1    0    0    1    0    0    0    0    0    0    1    1    1    1    0    1    0    0    0    1    1    0    1    1    1    1    0    1    1    1    0    0    1    1    1    0    1    1    1    1    0    0    1    0    1    1    
1915 1916 1917 1918 1919 1920 1921 1922 1923 1924 1925 1926 1927 1928 1929 1930 1931 1932 1933 1934 1935 1936 1937 1938 1939 1940 1941 1942 1943 1944 1945 1946 1947 1948 1949 1950 1951 1952 1953 1954 1955 1956 1957 1958 1959 1960 1961 1962 1963 1964 1965 1966 1967 1968 1969 1970 1971 1972 1973 1974 1975 1976 1977 1978 1979 1980 1981 1982 1983 1984 1985 1986 1987 1988 1989 1990 1991 1992 1993 1994 1995 1996 1997 1998 1999 2000 2001 2002 2003 2004 2005 2006 2007 2008 2009 2010 2011 2012 2013 2014 
0    0    0    0    0    0    0    0    0    0    0    0    0    0    0    0    0    0    0    0    0    0    0    0    0    0    0    0    0    0    0    0    0    0    0    0    0    0    32   0    0    16   0    0    0    0    0    0    0    0    0    0    0    0    0    0    0    0    0    0    0    0    0    0    0    0    0    0    0    16   0    0    0    8    0    0    0    0    0    0    0    0    8    4    0    0    0    0    4    0    4    0    0    4    0    0    2    0    2    1    
There are 67 1's in stream 6!
Current sum is 8456 !

Result of c7 stream:
1    1    1    1    0    1    1    1    0    0    1    0    0    0    1    0    1    0    0    1    1    0    1    0    1    0    1    0    1    1    0    0    1    0    0    0    0    1    1    1    1    0    1    1    0    1    1    1    1    1    1    0    0    0    0    0    0    1    1    0    1    1    1    1    0    0    1    0    0    1    1    1    0    0    0    1    0    0    0    1    0    0    0    0    0    0    0    0    1    0    1    1    1    0    0    0    0    0    0    1    
1915 1916 1917 1918 1919 1920 1921 1922 1923 1924 1925 1926 1927 1928 1929 1930 1931 1932 1933 1934 1935 1936 1937 1938 1939 1940 1941 1942 1943 1944 1945 1946 1947 1948 1949 1950 1951 1952 1953 1954 1955 1956 1957 1958 1959 1960 1961 1962 1963 1964 1965 1966 1967 1968 1969 1970 1971 1972 1973 1974 1975 1976 1977 1978 1979 1980 1981 1982 1983 1984 1985 1986 1987 1988 1989 1990 1991 1992 1993 1994 1995 1996 1997 1998 1999 2000 2001 2002 2003 2004 2005 2006 2007 2008 2009 2010 2011 2012 2013 2014 
0    0    0    16   0    16   0    0    0    0    0    0    0    0    0    0    0    0    0    0    0    0    0    0    0    0    0    0    0    0    0    0    0    0    0    0    0    0    16   8    0    0    0    0    0    0    0    0    8    8    0    0    0    0    0    0    0    0    0    0    0    0    0    8    0    0    4    0    0    0    0    4    0    0    0    4    0    0    0    0    0    0    0    0    0    0    0    0    0    0    4    2    2    0    0    0    0    0    0    1    
There are 43 1's in stream 7!
Current sum is 13960 !

Result of c8 stream:
1    1    1    1    0    1    1    1    1    1    1    0    1    1    0    0    0    0    1    1    0    1    1    0    0    1    0    1    1    0    1    1    0    0    1    1    1    1    1    0    0    1    0    1    1    1    0    1    1    1    0    0    0    0    1    0    1    1    1    0    1    1    1    0    1    0    0    0    1    0    0    0    0    1    0    0    0    0    0    0    0    0    0    0    0    0    1    0    1    0    0    1    1    1    1    1    1    0    1    0    
1915 1916 1917 1918 1919 1920 1921 1922 1923 1924 1925 1926 1927 1928 1929 1930 1931 1932 1933 1934 1935 1936 1937 1938 1939 1940 1941 1942 1943 1944 1945 1946 1947 1948 1949 1950 1951 1952 1953 1954 1955 1956 1957 1958 1959 1960 1961 1962 1963 1964 1965 1966 1967 1968 1969 1970 1971 1972 1973 1974 1975 1976 1977 1978 1979 1980 1981 1982 1983 1984 1985 1986 1987 1988 1989 1990 1991 1992 1993 1994 1995 1996 1997 1998 1999 2000 2001 2002 2003 2004 2005 2006 2007 2008 2009 2010 2011 2012 2013 2014 
0    0    0    0    0    0    0    0    0    16   16   0    0    0    0    0    0    0    0    0    0    0    0    0    0    0    0    0    0    0    0    0    0    0    0    0    0    16   8    0    0    0    0    0    0    0    0    0    0    8    0    0    0    0    8    0    0    0    0    0    0    0    0    0    8    0    0    0    4    0    0    0    0    0    0    0    0    0    0    0    0    0    0    0    0    0    0    0    4    0    0    4    0    0    4    2    2    0    1    0    
There are 43 1's in stream 8!
Current sum is 24968 !

Result of c9 stream:
1    1    0    1    0    1    1    0    0    0    1    1    1    0    1    1    1    0    0    0    1    0    1    0    0    1    1    1    0    1    0    1    0    0    1    1    1    0    1    0    0    0    1    0    0    1    1    1    0    1    1    1    1    1    1    1    0    1    1    1    0    1    0    0    0    0    0    0    0    0    0    0    1    1    0    0    0    0    0    0    1    1    0    1    0    1    1    0    0    0    0    1    1    1    1    1    1    1    1    1    
1915 1916 1917 1918 1919 1920 1921 1922 1923 1924 1925 1926 1927 1928 1929 1930 1931 1932 1933 1934 1935 1936 1937 1938 1939 1940 1941 1942 1943 1944 1945 1946 1947 1948 1949 1950 1951 1952 1953 1954 1955 1956 1957 1958 1959 1960 1961 1962 1963 1964 1965 1966 1967 1968 1969 1970 1971 1972 1973 1974 1975 1976 1977 1978 1979 1980 1981 1982 1983 1984 1985 1986 1987 1988 1989 1990 1991 1992 1993 1994 1995 1996 1997 1998 1999 2000 2001 2002 2003 2004 2005 2006 2007 2008 2009 2010 2011 2012 2013 2014 
0    0    0    0    0    0    0    0    0    0    0    0    0    0    0    0    0    0    0    0    0    0    0    0    0    0    0    0    0    0    0    0    0    0    0    32   16   0    0    0    0    0    0    0    0    0    0    0    0    0    0    0    0    0    0    0    0    0    0    16   0    8    0    0    0    0    0    0    0    0    0    0    0    0    0    0    0    0    0    0    0    0    0    0    0    0    8    0    0    0    0    4    0    0    4    2    2    2    2    1    
There are 65 1's in stream 9!
Final estimated sum is 58248 !

This is the end of this program~~
